23
7
3
45424300412032335115023
23540152265313602025201
55060034265655463013664
12045044011526260051555
06452422346623056636400
14125606625624100414241
21242526663225261321621
16400640250551425005351
51510260213316004355223
64545310230063133644054
55032056506164103204243
42403135322663660410030
05566362620424050646010
00622310242624355322625
14205102601020021105425
45504142244665560164216
50050532044252245145161
14360621530222422111660
53421400520021462640256
26412540643334006356216
12250220154152354341635
23501611021514542045243
33136061025445232342356